M = [
    0 0 0 0 0 0 0 1 -1 -1 1 0 0 0 0
    0 0 0 0 0 0 0 0 1 0 -1 0 0 0 0
    0 0 0 0 0 -10 100 0 1 0 -1 0 0 0 0
    0 0 0 0 0 0 0 0 0 0 0 1 -1 -1 1
    0 0 0 0 0 0 0 0 0 0 0 0 1 0 -1
    0 0 -10 0 0 0 0 0 0 0 0 0 1 0 -1
    0 0 -100 0 0 0 0 0 0 0 0 0 1 0 -1
    -1 0 0 0 0 0 0 0 0 0 0 0 0 0 0 
    1 -1 -1 0 0 0 0 0 0 0 0 0 0 0 0
    1 0 0 0 0 0 0 0 0 0 0 0 0 0 0
    -1 1 1 0 0 0 0 0 0 0 0 0 0 0 0
    0 0 0 -1 0 0 0 0 0 0 0 0 0 0 0
    0 0 0 1 -1 -1 -1 0 0 0 0 0 0 0 0
    0 0 0 1 0 0 0 0 0 0 0 0 0 0 0
    0 0 0 -1 1 1 1 0 0 0 0 0 0 0 0
]

b = [0;0;0;0;0;0;0;1;0;-1;0;1;0;-1;0]

